//Treasure Room 1,1,1,1,1,1,1,1,1,1;,1,1,1,1,1,0,0,0,0,0;,1,1,1,0,0,0,0,0,0,0;,1,1,0,0,0,0,0,1,1,1;,1,1,0,0,0,0,0,1,1,1;,1,1,0,1,1,1,0,1,1,1;,1,1,0,0,1,1,0,0,1,1;,1,0,0,0,1,1,0,0,0,1;,1,0,0,0,0,0,0,0,0,1;,1,0,0,0,0,0,0,0,0,1;
//Treasure Room to Hallway Connector 1,1,1,1,1,1,1,1,1,1;,0,0,0,1,1,1,1,1,1,1;,0,0,0,0,0,1,1,1,1,1;,1,0,0,0,0,0,1,1,1,1;,1,1,0,0,0,0,1,1,1,1;,1,1,0,0,0,0,0,1,1,1;,1,1,0,0,0,0,0,1,1,1;,1,1,0,0,0,0,0,1,1,1;,1,1,0,0,0,0,0,0,1,1;,1,1,0,0,0,0,0,0,1,1; 
//Hallway Horizontal Begin @Left 1,0,0,0,0,0,0,0,0,1;,1,0,0,0,0,0,0,0,0,1;,1,1,0,0,0,0,0,0,1,1;,1,1,0,0,0,0,0,0,1,1;,1,1,0,0,0,0,0,0,1,1;,1,1,0,0,0,0,0,0,1,1;,1,1,0,0,0,0,0,0,1,1;,1,1,0,0,0,0,0,0,1,1;,1,1,0,0,0,0,0,0,1,1;,1,1,0,0,0,0,0,0,1,1; 
//Hallway Horizontal 1,1,0,0,0,0,0,0,1,1;,1,1,0,0,0,0,0,0,1,1;,1,1,0,0,0,0,0,0,1,1;,1,1,0,0,0,0,0,0,1,1;,1,1,0,0,0,0,0,0,1,1;,1,1,0,0,0,0,0,0,1,1;,1,1,0,0,0,0,0,0,1,1;,1,1,0,0,0,0,0,0,1,1;,1,1,0,0,0,0,0,0,1,1;,1,1,0,0,0,0,0,0,1,1; 
//Hallway Horizontal Begin @Right 1,1,0,0,0,0,0,0,1,1;,1,1,0,0,0,0,0,0,1,1;,1,1,0,0,0,0,0,0,1,1;,1,1,0,0,0,0,0,0,1,1;,1,1,0,0,0,0,0,0,1,1;,1,1,0,0,0,0,0,0,1,1;,1,1,0,0,0,0,0,0,1,1;,1,1,0,0,0,0,0,0,1,1;,1,0,0,0,0,0,0,0,0,1;,1,0,0,0,0,0,0,0,0,1;
//Hallway Vertical Begin @Bottom 1,1,1,1,1,1,1,1,1,1;,1,1,1,1,1,1,1,1,0,0;,0,0,0,0,0,0,0,0,0,0;,0,0,0,0,0,0,0,0,0,0;,0,0,0,0,0,0,0,0,0,0;,0,0,0,0,0,0,0,0,0,0;,0,0,0,0,0,0,0,0,0,0;,0,0,0,0,0,0,0,0,0,0;,1,1,1,1,1,1,1,1,0,0;,1,1,1,1,1,1,1,1,1,1; 
//Hallway Vertical Begin @Top 1,1,1,1,1,1,1,1,1,1;,0,0,1,1,1,1,1,1,1,1;,0,0,0,0,0,0,0,0,0,0;,0,0,0,0,0,0,0,0,0,0;,0,0,0,0,0,0,0,0,0,0;,0,0,0,0,0,0,0,0,0,0;,0,0,0,0,0,0,0,0,0,0;,0,0,0,0,0,0,0,0,0,0;,0,0,1,1,1,1,1,1,1,1;,1,1,1,1,1,1,1,1,1,1;
//Hallway Vertical 1,1,1,1,1,1,1,1,1,1;,1,1,1,1,1,1,1,1,1,1;,0,0,0,0,0,0,0,0,0,0;,0,0,0,0,0,0,0,0,0,0;,0,0,0,0,0,0,0,0,0,0;,0,0,0,0,0,0,0,0,0,0;,0,0,0,0,0,0,0,0,0,0;,0,0,0,0,0,0,0,0,0,0;,1,1,1,1,1,1,1,1,1,1;,1,1,1,1,1,1,1,1,1,1;
//Hallway Elbow Bottom - Right 1,1,1,1,1,1,1,1,1,1;,1,1,1,1,1,1,1,1,1,1;,1,1,1,1,1,1,0,0,0,0;,1,1,1,1,0,0,0,0,0,0;,1,1,1,0,0,0,0,0,0,0;,1,1,1,0,0,0,0,0,0,0;,1,1,0,0,0,0,0,0,0,0;,1,1,0,0,0,0,0,0,0,0;,1,1,0,0,0,0,0,0,1,1;,1,1,0,0,0,0,0,0,1,1; 
//Hallway Elbow Bottom - Left 1,1,0,0,0,0,0,0,1,1;,1,1,0,0,0,0,0,0,1,1;,1,1,0,0,0,0,0,0,0,0;,1,1,0,0,0,0,0,0,0,0;,1,1,1,0,0,0,0,0,0,0;,1,1,1,0,0,0,0,0,0,0;,1,1,1,1,0,0,0,0,0,0;,1,1,1,1,1,1,0,0,0,0;,1,1,1,1,1,1,1,1,1,1;,1,1,1,1,1,1,1,1,1,1;
//Hallway Elbow Top - Left 1,1,0,0,0,0,0,0,1,1;,1,1,0,0,0,0,0,0,1,1;,0,0,0,0,0,0,0,0,1,1;,0,0,0,0,0,0,0,0,1,1;,0,0,0,0,0,0,0,1,1,1;,0,0,0,0,0,0,0,1,1,1;,0,0,0,0,0,0,1,1,1,1;,0,0,0,0,1,1,1,1,1,1;,1,1,1,1,1,1,1,1,1,1;,1,1,1,1,1,1,1,1,1,1;
//Hallway Elbow Top - Right 1,1,1,1,1,1,1,1,1,1;,1,1,1,1,1,1,1,1,1,1;,0,0,0,0,1,1,1,1,1,1;,0,0,0,0,0,0,1,1,1,1;,0,0,0,0,0,0,0,1,1,1;,0,0,0,0,0,0,0,1,1,1;,0,0,0,0,0,0,0,0,1,1;,0,0,0,0,0,0,0,0,1,1;,1,1,0,0,0,0,0,0,1,1;,1,1,0,0,0,0,0,0,1,1; 
//Spawn Hub 1,1,1,0,0,0,0,1,1,1;,1,1,1,1,0,0,1,1,1,1;,1,1,1,1,0,0,1,1,1,1;,0,1,1,1,0,0,1,1,1,0;,0,0,0,0,0,0,0,0,0,0;,0,0,0,0,0,0,0,0,0,0;,0,1,1,1,0,0,1,1,1,0;,1,1,1,1,0,0,1,1,1,1;,1,1,1,1,0,0,1,1,1,1;,1,1,1,0,0,0,0,1,1,1; 
//Empty Tile 0,0,0,0,0,0,0,0,0,0;,0,0,0,0,0,0,0,0,0,0;,0,0,0,0,0,0,0,0,0,0;,0,0,0,0,0,0,0,0,0,0;,0,0,0,0,0,0,0,0,0,0;,0,0,0,0,0,0,0,0,0,0;,0,0,0,0,0,0,0,0,0,0;,0,0,0,0,0,0,0,0,0,0;,0,0,0,0,0,0,0,0,0,0;,0,0,0,0,0,0,0,0,0,0; 
//Boundary Tile 1,1,1,1,1,1,1,1,1,1;,1,1,1,1,1,1,1,1,1,1;,1,1,1,1,1,1,1,1,1,1;,1,1,1,1,1,1,1,1,1,1;,1,1,1,1,1,1,1,1,1,1;,1,1,1,1,1,1,1,1,1,1;,1,1,1,1,1,1,1,1,1,1;,1,1,1,1,1,1,1,1,1,1;,1,1,1,1,1,1,1,1,1,1;,1,1,1,1,1,1,1,1,1,1; 
